3x3

	1		2

3	1	4	2	5

	6		7

8	3	9	4	10

	11		12

--------------------------------------------------------------------
2x2

	1

2	1	3

	4

---------------------------------------------------------------------
4x4

	1		2		3

4	1	5	2	6	3	7

	8		9		10

11	4	12	5	13	6	14

	15		16		17

18	7	19	8	20	9	21

	22		23		24

------------------------------------------------------------------------------
rxc
3x4

	1		2		3

4		5		6		7

	8		9		10

11		12		13		14

	15		16		17

-------------------------------------------------------------------------------
rxc
4x3

	1		2

3		4		5

	6		7

8		9		10

	11		12

13		14		15

	16		17